5.000000
5.353535
5.707071
6.060606
6.414141
6.767677
7.121212
7.474747
7.828283
8.181818
8.535354
8.888889
9.242424
9.595960
9.949495
10.303030
10.656566
11.010101
11.363636
11.717172
12.070707
12.424242
12.777778
13.131313
13.484848
13.838384
14.191919
14.545455
14.898990
15.252525
15.606061
15.959596
16.313131
16.666667
17.020202
17.373737
17.727273
18.080808
18.434343
18.787879
19.141414
19.494949
19.848485
20.202020
20.555556
20.909091
21.262626
21.616162
21.969697
22.323232
22.676768
23.030303
23.383838
23.737374
24.090909
24.444444
24.797980
25.151515
25.505051
25.858586
26.212121
26.565657
26.919192
27.272727
27.626263
27.979798
28.333333
28.686869
29.040404
29.393939
29.747475
30.101010
30.454545
30.808081
31.161616
31.515152
31.868687
32.222222
32.575758
32.929293
33.282828
33.636364
33.989899
34.343434
34.696970
35.050505
35.404040
35.757576
36.111111
36.464646
36.818182
37.171717
37.525253
37.878788
38.232323
38.585859
38.939394
39.292929
39.646465
40.000000
